1605
4 1 0 1 1 155 0 0 132 1
4 23 0 1 1 155 0 0 132 1
4 0 0 1 1 155 0 0 132 1
4 0 0 1 1 155 0 0 132 1
4 0 0 1 1 155 0 0 132 1
4 0 0 1 1 155 0 0 132 1
4 0 0 1 1 155 0 0 132 1
4 0 0 1 1 155 0 0 132 1
4 0 0 1 1 155 0 0 132 1
4 0 0 1 1 155 0 0 132 1
4 0 0 1 1 155 0 0 132 1
4 0 0 1 1 155 0 0 132 1
4 9 0 1 1 155 0 0 132 1
4 0 0 1 1 155 0 0 132 1
4 0 0 1 1 155 0 0 132 1
4 0 0 1 1 155 0 0 132 1
4 0 0 1 1 155 0 0 132 1
4 0 0 1 1 155 0 0 132 1
4 0 0 1 1 155 0 0 132 1
4 0 0 1 1 155 0 0 132 1
4 0 0 1 1 155 0 0 132 1
4 33 6 1 1 155 0 0 132 1
4 0 0 1 1 155 0 0 132 1
4 0 0 1 1 155 0 0 132 1
4 0 0 1 1 155 0 0 132 1
4 0 0 1 1 155 0 0 132 1
4 0 0 1 1 155 0 0 132 1
4 0 0 1 1 155 0 0 132 1
4 0 0 1 1 155 0 0 132 1
4 0 0 1 1 155 0 0 132 1
4 0 0 1 1 155 0 0 132 1
4 0 0 1 1 155 0 0 132 1
4 0 12 1 1 155 0 0 132 1
4 0 0 1 1 155 0 0 132 1
4 0 0 1 1 155 0 0 132 1
4 0 0 1 1 155 0 0 132 1
4 0 0 1 1 155 0 0 132 1
4 0 0 1 1 155 0 0 132 1
4 0 0 1 1 155 0 0 132 1
4 0 0 1 1 155 0 0 132 1
4 51 0 1 1 155 0 0 132 1
4 1 14 1 1 155 0 0 132 1
4 0 0 1 1 155 0 0 132 1
4 0 0 1 1 155 0 0 132 1
4 0 0 1 1 155 0 0 132 1
4 32 0 1 1 155 0 0 132 1
4 6 8 1 1 155 0 0 132 1
4 0 0 1 1 155 0 0 132 1
4 2 7 1 1 155 0 0 132 1
4 9 13 1 1 155 0 0 136 1
4 0 0 1 1 155 0 0 136 1
4 0 0 1 1 155 0 0 136 1
4 0 0 1 1 155 0 0 136 1
4 0 0 1 1 155 0 0 136 1
4 0 0 1 1 155 0 0 136 1
4 0 0 1 1 155 0 0 136 1
4 17 16 1 1 155 0 0 136 1
4 0 0 1 1 155 0 0 136 1
4 43 5 1 1 155 0 0 136 1
4 0 0 1 1 155 0 0 136 1
4 0 0 1 1 155 0 0 136 1
4 0 0 1 1 155 0 0 136 1
4 0 0 1 1 155 0 0 136 1
4 0 0 1 1 155 0 0 136 1
4 5 0 1 1 155 0 0 136 1
4 21 0 1 1 155 0 0 136 1
4 0 0 1 1 155 0 0 136 1
4 0 0 1 1 155 0 0 136 1
4 0 0 1 1 155 0 0 136 1
4 31 3 1 1 155 0 0 136 1
4 14 0 1 1 155 0 0 136 1
4 0 0 1 1 155 0 0 136 1
4 0 0 1 1 155 0 0 136 1
4 17 16 1 1 155 0 0 136 1
4 0 0 1 1 155 0 0 136 1
4 1 12 1 1 155 0 0 136 1
4 0 0 1 1 155 0 0 136 1
4 0 0 1 1 155 0 0 140 1
4 0 0 1 1 155 0 0 140 1
4 5 4 1 1 155 0 0 140 1
4 0 0 1 1 155 0 0 140 1
4 0 0 1 1 155 0 0 140 1
4 0 0 1 1 155 0 0 140 1
4 0 0 1 1 155 0 0 140 1
4 0 0 1 1 155 0 0 140 1
4 0 0 1 1 155 0 0 140 1
4 0 0 1 1 155 0 0 140 1
4 20 14 1 1 155 0 0 140 1
4 0 0 1 1 155 0 0 140 1
4 0 0 1 1 155 0 0 140 1
4 0 0 1 1 155 0 0 140 1
4 3 9 1 1 155 0 0 140 1
4 0 0 1 1 155 0 0 140 1
4 0 0 1 1 155 0 0 140 1
4 0 0 1 1 155 0 0 140 1
4 0 0 1 1 155 0 0 140 1
4 0 0 1 1 155 0 0 140 1
4 0 0 1 1 155 0 0 140 1
4 0 0 1 1 155 0 0 140 1
4 0 0 1 1 155 0 0 140 1
4 0 0 1 1 155 0 0 140 1
4 0 0 1 1 155 0 0 140 1
4 0 0 1 1 155 0 0 140 1
4 15 13 1 1 155 0 0 140 1
4 0 0 1 1 155 0 0 140 1
4 0 0 1 1 155 0 0 144 1
4 10 0 1 1 155 0 0 144 1
4 0 0 1 1 155 0 0 144 1
4 0 0 1 1 155 0 0 144 1
4 0 0 1 1 155 0 0 144 1
4 0 0 1 1 155 0 0 144 1
4 0 0 1 1 155 0 0 144 1
4 15 0 1 1 155 0 0 144 1
4 0 0 1 1 155 0 0 144 1
4 0 0 1 1 155 0 0 144 1
4 0 0 1 1 155 0 0 144 1
4 0 0 1 1 155 0 0 144 1
4 0 0 1 1 155 0 0 144 1
4 0 0 1 1 155 0 0 144 1
4 0 0 1 1 155 0 0 144 1
4 0 0 1 1 155 0 0 144 1
4 0 0 1 1 155 0 0 144 1
4 12 0 1 1 155 0 0 144 1
4 0 0 1 1 155 0 0 144 1
4 0 0 1 1 155 0 0 144 1
4 0 0 1 1 155 0 0 144 1
4 12 2 1 1 155 0 0 144 1
4 37 7 1 1 155 0 0 144 1
4 22 0 1 1 155 0 0 144 1
4 0 0 1 1 155 0 0 144 1
4 3 14 1 1 155 0 0 144 1
4 40 0 1 1 155 0 0 144 1
4 3 6 1 1 155 0 0 144 1
4 0 0 1 1 155 0 0 144 1
4 0 0 1 1 155 0 0 144 1
4 0 0 1 1 155 0 0 144 1
4 0 0 1 1 155 0 0 144 1
4 4 0 1 1 155 0 0 144 1
4 0 0 1 1 155 0 0 144 1
4 0 0 1 1 155 0 0 144 1
4 0 0 1 1 155 0 0 144 1
4 0 0 1 1 155 0 0 144 1
4 0 0 1 1 155 0 0 148 1
4 0 0 1 1 155 0 0 148 1
4 0 0 1 1 155 0 0 148 1
4 0 0 1 1 155 0 0 148 1
4 0 0 1 1 155 0 0 148 1
4 17 0 1 1 155 0 0 148 1
4 0 0 1 1 155 0 0 148 1
4 0 0 1 1 155 0 0 148 1
4 0 0 1 1 155 0 0 148 1
4 28 10 1 1 155 0 0 148 1
4 0 0 1 1 155 0 0 148 1
4 0 0 1 1 155 0 0 148 1
4 16 11 1 1 155 0 0 148 1
4 0 0 1 1 155 0 0 148 1
4 0 0 1 1 155 0 0 148 1
4 25 0 1 1 155 0 0 148 1
4 0 0 1 1 155 0 0 148 1
4 0 0 1 1 155 0 0 148 1
4 0 0 1 1 155 0 0 148 1
4 0 0 1 1 155 0 0 148 1
4 0 0 1 1 155 0 0 148 1
4 22 0 1 1 155 0 0 148 1
4 22 0 1 1 155 0 0 148 1
4 0 0 1 1 155 0 0 148 1
4 0 0 1 1 155 0 0 148 1
4 0 0 1 1 155 0 0 148 1
4 0 0 1 1 155 0 0 148 1
4 10 0 1 1 155 0 0 148 1
4 0 0 1 1 155 0 0 152 1
4 8 14 1 1 155 0 0 152 1
4 0 0 1 1 155 0 0 152 1
4 0 0 1 1 155 0 0 152 1
4 32 5 1 1 155 0 0 152 1
4 11 13 1 1 155 0 0 152 1
4 0 0 1 1 155 0 0 152 1
4 0 0 1 1 155 0 0 152 1
4 0 0 1 1 155 0 0 152 1
4 0 0 1 1 155 0 0 152 1
4 0 0 1 1 155 0 0 152 1
4 0 0 1 1 155 0 0 152 1
4 0 0 1 1 155 0 0 152 1
4 0 12 1 1 155 0 0 152 1
4 0 0 1 1 155 0 0 152 1
4 0 0 1 1 155 0 0 152 1
4 0 0 1 1 155 0 0 152 1
4 0 0 1 1 155 0 0 152 1
4 31 11 1 1 155 0 0 152 1
4 0 0 1 1 155 0 0 152 1
4 0 0 1 1 155 0 0 152 1
4 0 0 1 1 155 0 0 152 1
4 28 3 1 1 155 0 0 152 1
4 19 13 1 1 155 0 0 152 1
4 5 5 1 1 155 0 0 152 1
4 0 0 1 1 155 0 0 156 1
4 0 0 1 1 155 0 0 156 1
4 0 0 1 1 155 0 0 156 1
4 0 0 1 1 155 0 0 156 1
4 13 7 1 1 155 0 0 156 1
4 0 0 1 1 155 0 0 156 1
4 0 0 1 1 155 0 0 156 1
4 6 8 1 1 155 0 0 156 1
4 16 1 1 1 155 0 0 156 1
4 0 0 1 1 155 0 0 156 1
4 41 3 1 1 155 0 0 156 1
4 0 0 1 1 155 0 0 156 1
4 0 0 1 1 155 0 0 156 1
4 0 0 1 1 155 0 0 156 1
4 0 0 1 1 155 0 0 156 1
4 0 0 1 1 155 0 0 156 1
4 27 11 1 1 155 0 0 156 1
4 8 1 1 1 155 0 0 156 1
4 0 0 1 1 155 0 0 156 1
4 0 0 1 1 155 0 0 156 1
4 37 7 1 1 155 0 0 156 1
4 8 5 1 1 155 0 0 156 1
4 0 0 1 1 155 0 0 156 1
4 0 0 1 1 155 0 0 156 1
4 18 13 1 1 155 0 0 156 1
4 0 0 1 1 155 0 0 156 1
4 0 0 1 1 155 0 0 156 1
4 0 0 1 1 155 0 0 156 1
4 0 0 1 1 155 0 0 156 1
4 2 14 1 1 155 0 0 156 1
4 0 0 1 1 155 0 0 156 1
4 0 0 1 1 155 0 0 156 1
4 0 0 1 1 155 0 0 156 1
4 0 0 1 1 155 0 0 156 1
4 76 2 1 1 155 0 0 156 1
4 0 0 1 1 155 0 0 156 1
4 85 2 1 1 155 0 0 156 1
4 11 10 1 1 155 0 0 160 1
4 0 0 1 1 155 0 0 160 1
4 0 0 1 1 155 0 0 160 1
4 7 0 1 1 155 0 0 160 1
4 0 0 1 1 155 0 0 160 1
4 0 0 1 1 155 0 0 160 1
4 15 13 1 1 155 0 0 160 1
4 0 0 1 1 155 0 0 160 1
4 26 2 1 1 155 0 0 160 1
4 7 15 1 1 155 0 0 160 1
4 8 4 1 1 155 0 0 160 1
4 14 6 1 1 155 0 0 160 1
4 72 2 1 1 155 0 0 160 1
4 0 0 1 1 155 0 0 160 1
4 21 6 1 1 155 0 0 160 1
4 0 0 1 1 155 0 0 160 1
4 17 10 1 1 155 0 0 160 1
4 0 0 1 1 155 0 0 160 1
4 11 10 1 1 155 0 0 160 1
4 0 0 1 1 155 0 0 160 1
4 8 0 1 1 155 0 0 160 1
4 0 0 1 1 155 0 0 160 1
4 0 0 1 1 155 0 0 160 1
4 0 0 1 1 155 0 0 160 1
4 13 5 1 1 155 0 0 160 1
4 0 0 1 1 155 0 0 160 1
4 0 0 1 1 155 0 0 160 1
4 66 1 1 1 155 0 0 160 1
4 14 14 1 1 155 0 0 160 1
4 0 0 1 1 155 0 0 160 1
4 35 9 1 1 155 0 0 160 1
4 8 11 1 1 155 0 0 160 1
4 15 13 1 1 155 0 0 160 1
4 13 1 1 1 155 0 0 160 1
4 6 9 1 1 155 0 0 160 1
4 29 0 1 1 155 0 0 160 1
4 26 4 1 1 155 0 0 160 1
4 18 9 1 1 155 0 0 160 1
4 0 0 1 1 155 0 0 160 1
4 0 0 1 1 155 0 0 160 1
4 0 0 1 1 155 0 0 160 1
4 0 0 1 1 155 0 0 160 1
4 25 13 1 1 155 0 0 160 1
4 10 12 1 1 155 0 0 160 1
4 21 10 1 1 155 0 0 160 1
4 41 6 1 1 155 0 0 160 1
4 0 0 1 1 155 0 0 160 1
4 0 0 1 1 155 0 0 160 1
4 32 10 1 1 155 0 0 160 1
4 1 11 1 1 155 0 0 164 1
4 20 9 1 1 155 0 0 164 1
4 46 0 1 1 155 0 0 164 1
4 9 7 1 1 155 0 0 164 1
4 50 6 1 1 155 0 0 164 1
4 0 0 1 1 155 0 0 164 1
4 5 13 1 1 155 0 0 164 1
4 27 11 1 1 155 0 0 164 1
4 15 0 1 1 155 0 0 164 1
4 91 0 1 1 155 0 0 164 1
4 0 0 1 1 155 0 0 164 1
4 44 2 1 1 155 0 0 164 1
4 0 0 1 1 155 0 0 164 1
4 0 0 1 1 155 0 0 164 1
4 0 0 1 1 155 0 0 164 1
4 24 7 1 1 155 0 0 164 1
4 14 12 1 1 155 0 0 164 1
4 4 6 1 1 155 0 0 164 1
4 13 15 1 1 155 0 0 164 1
4 54 6 1 1 155 0 0 164 1
4 91 0 1 1 155 0 0 164 1
4 48 8 1 1 155 0 0 164 1
4 29 12 1 1 155 0 0 164 1
4 0 5 1 1 155 0 0 164 1
4 43 2 1 1 155 0 0 164 1
4 19 2 1 1 155 0 0 164 1
4 91 0 1 1 155 0 0 164 1
4 61 0 1 1 155 0 0 164 1
4 59 5 1 1 155 0 0 164 1
4 12 7 1 1 155 0 0 164 1
4 91 0 1 1 155 0 0 164 1
4 0 2 1 1 155 0 0 164 1
4 16 2 1 1 155 0 0 164 1
4 0 0 1 1 155 0 0 164 1
4 91 0 1 1 155 0 0 164 1
4 73 1 1 1 155 0 0 164 1
4 11 2 1 1 155 0 0 164 1
4 79 3 1 1 155 0 0 164 1
4 0 0 1 1 155 0 0 164 1
4 0 5 1 1 155 0 0 164 1
4 45 6 1 1 155 0 0 164 1
4 71 2 1 1 155 0 0 164 1
4 20 7 1 1 155 0 0 164 1
4 4 11 1 1 155 0 0 164 1
4 27 11 1 1 155 0 0 164 1
4 85 0 1 1 155 0 0 164 1
4 57 0 1 1 155 0 0 164 1
4 91 0 1 1 155 0 0 164 1
4 0 13 1 1 155 0 0 164 1
4 30 6 1 1 155 0 0 168 1
4 91 0 1 1 155 0 0 168 1
4 27 11 1 1 155 0 0 168 1
4 59 2 1 1 155 0 0 168 1
4 65 0 1 1 155 0 0 168 1
4 46 6 1 1 155 0 0 168 1
4 14 12 1 1 155 0 0 168 1
4 91 0 1 1 155 0 0 168 1
4 0 0 1 1 155 0 0 168 1
4 91 0 1 1 155 0 0 168 1
4 66 0 1 1 155 0 0 168 1
4 72 0 1 1 155 0 0 168 1
4 85 0 1 1 155 0 0 168 1
4 9 9 1 1 155 0 0 168 1
4 54 0 1 1 155 0 0 168 1
4 91 0 1 1 155 0 0 168 1
4 54 8 1 1 155 0 0 168 1
4 91 0 1 1 155 0 0 168 1
4 67 0 1 1 155 0 0 168 1
4 83 1 1 1 155 0 0 168 1
4 91 0 1 1 155 0 0 168 1
4 31 0 1 1 155 0 0 168 1
4 91 0 1 1 155 0 0 168 1
4 85 0 1 1 155 0 0 168 1
4 37 10 1 1 155 0 0 168 1
4 86 1 1 1 155 0 0 168 1
4 91 0 1 1 155 0 0 168 1
4 79 0 1 1 155 0 0 168 1
4 80 0 1 1 155 0 0 168 1
4 33 8 1 1 155 0 0 168 1
4 81 0 1 1 155 0 0 168 1
4 91 0 1 1 155 0 0 168 1
4 47 2 1 1 155 0 0 168 1
4 9 16 1 1 155 0 0 168 1
4 85 1 1 1 155 0 0 168 1
4 91 3 1 1 155 0 0 168 1
4 21 12 1 1 155 0 0 168 1
4 76 0 1 1 155 0 0 168 1
4 2 8 1 1 155 0 0 168 1
4 4 12 1 1 155 0 0 168 1
4 2 11 1 1 155 0 0 168 1
4 0 0 1 1 155 0 0 168 1
4 79 0 1 1 155 0 0 168 1
4 91 0 1 1 155 0 0 168 1
4 91 0 1 1 155 0 0 168 1
4 90 0 1 1 155 0 0 168 1
4 82 0 1 1 155 0 0 168 1
4 91 0 1 1 155 0 0 168 1
4 70 0 1 1 155 0 0 168 1
4 31 5 1 1 155 0 0 172 1
4 63 0 1 1 155 0 0 172 1
4 37 8 1 1 155 0 0 172 1
4 50 0 1 1 155 0 0 172 1
4 91 0 1 1 155 0 0 172 1
4 13 11 1 1 155 0 0 172 1
4 14 12 1 1 155 0 0 172 1
4 55 0 1 1 155 0 0 172 1
4 91 0 1 1 155 0 0 172 1
4 17 4 1 1 155 0 0 172 1
4 64 4 1 1 155 0 0 172 1
4 34 0 1 1 155 0 0 172 1
4 91 0 1 1 155 0 0 172 1
4 91 0 1 1 155 0 0 172 1
4 35 6 1 1 155 0 0 172 1
4 0 2 1 1 155 0 0 172 1
4 50 2 1 1 155 0 0 172 1
4 0 0 1 1 155 0 0 172 1
4 35 8 1 1 155 0 0 172 1
4 74 0 1 1 155 0 0 172 1
4 68 3 1 1 155 0 0 172 1
4 91 0 1 1 155 0 0 172 1
4 91 0 1 1 155 0 0 172 1
4 52 4 1 1 155 0 0 172 1
4 91 0 1 1 155 0 0 172 1
4 62 0 1 1 155 0 0 172 1
4 16 16 1 1 155 0 0 172 1
4 91 0 1 1 155 0 0 172 1
4 87 0 1 1 155 0 0 172 1
4 91 0 1 1 155 0 0 172 1
4 88 0 1 1 155 0 0 172 1
4 49 0 1 1 155 0 0 172 1
4 91 0 1 1 155 0 0 172 1
4 83 0 1 1 155 0 0 172 1
4 84 0 1 1 155 0 0 172 1
4 85 0 1 1 155 0 0 172 1
4 86 0 1 1 155 0 0 172 1
4 89 0 1 1 155 0 0 172 1
4 91 0 1 1 155 0 0 172 1
4 61 2 1 1 155 0 0 176 1
4 52 7 1 1 155 0 0 176 1
4 0 0 1 1 155 0 0 176 1
4 63 2 1 1 155 0 0 176 1
4 31 6 1 1 155 0 0 176 1
4 91 0 1 1 155 0 0 176 1
4 44 6 1 1 155 0 0 176 1
4 27 11 1 1 155 0 0 176 1
4 83 2 1 1 155 0 0 176 1
4 13 3 1 1 155 0 0 176 1
4 37 7 1 1 155 0 0 176 1
4 37 0 1 1 155 0 0 176 1
4 91 0 1 1 155 0 0 176 1
4 41 10 1 1 155 0 0 176 1
4 91 0 1 1 155 0 0 176 1
4 79 0 1 1 155 0 0 176 1
4 55 0 1 1 155 0 0 176 1
4 91 0 1 1 155 0 0 176 1
4 34 6 1 1 155 0 0 176 1
4 60 1 1 1 155 0 0 176 1
4 91 0 1 1 155 0 0 176 1
4 7 7 1 1 155 0 0 176 1
4 91 0 1 1 155 0 0 176 1
4 91 0 1 1 155 0 0 176 1
4 91 0 1 1 155 0 0 176 1
4 69 0 1 1 155 0 0 176 1
4 91 0 1 1 155 0 0 176 1
4 8 6 1 1 155 0 0 176 1
4 73 3 1 1 155 0 0 176 1
4 91 0 1 1 155 0 0 176 1
4 91 0 1 1 155 0 0 176 1
4 16 10 1 1 155 0 0 176 1
4 91 0 1 1 155 0 0 176 1
4 91 0 1 1 155 0 0 176 1
4 91 0 1 1 155 0 0 176 1
4 27 13 1 1 155 0 0 176 1
4 91 0 1 1 155 0 0 176 1
4 91 0 1 1 155 0 0 176 1
4 91 0 1 1 155 0 0 176 1
4 0 0 1 1 155 0 0 180 1
4 39 0 1 1 155 0 0 180 1
4 43 0 1 1 155 0 0 180 1
4 26 5 1 1 155 0 0 180 1
4 21 11 1 1 155 0 0 180 1
4 0 0 1 1 155 0 0 180 1
4 46 7 1 1 155 0 0 180 1
4 61 5 1 1 155 0 0 180 1
4 7 2 1 1 155 0 0 180 1
4 28 12 1 1 155 0 0 180 1
4 9 4 1 1 155 0 0 180 1
4 45 0 1 1 155 0 0 180 1
4 18 5 1 1 155 0 0 180 1
4 0 0 1 1 155 0 0 180 1
4 84 0 1 1 155 0 0 180 1
4 91 0 1 1 155 0 0 180 1
4 91 0 1 1 155 0 0 180 1
4 20 10 1 1 155 0 0 180 1
4 3 10 1 1 155 0 0 180 1
4 56 0 1 1 155 0 0 180 1
4 33 8 1 1 155 0 0 180 1
4 53 3 1 1 155 0 0 180 1
4 79 0 1 1 155 0 0 180 1
4 85 0 1 1 155 0 0 180 1
4 56 0 1 1 155 0 0 180 1
4 91 0 1 1 155 0 0 180 1
4 91 0 1 1 155 0 0 180 1
4 55 0 1 1 155 0 0 180 1
4 91 0 1 1 155 0 0 180 1
4 44 3 1 1 155 0 0 180 1
4 91 0 1 1 155 0 0 180 1
4 85 3 1 1 155 0 0 180 1
4 73 0 1 1 155 0 0 180 1
4 61 5 1 1 155 0 0 180 1
4 5 7 1 1 155 0 0 180 1
4 26 0 1 1 155 0 0 180 1
4 91 0 1 1 155 0 0 180 1
4 24 12 1 1 155 0 0 180 1
4 32 10 1 1 155 0 0 180 1
4 91 0 1 1 155 0 0 180 1
4 91 0 1 1 155 0 0 180 1
4 91 0 1 1 155 0 0 180 1
4 0 7 1 1 155 0 0 180 1
4 84 2 1 1 155 0 0 180 1
4 91 0 1 1 155 0 0 180 1
4 91 0 1 1 155 0 0 180 1
4 91 0 1 1 155 0 0 180 1
4 91 0 1 1 155 0 0 180 1
4 58 0 1 1 155 0 0 180 1
4 31 7 1 1 155 0 0 184 1
4 8 14 1 1 155 0 0 184 1
4 33 8 1 1 155 0 0 184 1
4 0 11 1 1 155 0 0 184 1
4 3 11 1 1 155 0 0 184 1
4 7 1 1 1 155 0 0 184 1
4 15 13 1 1 155 0 0 184 1
4 27 0 1 1 155 0 0 184 1
4 16 10 1 1 155 0 0 184 1
4 52 1 1 1 155 0 0 184 1
4 55 1 1 1 155 0 0 184 1
4 0 9 1 1 155 0 0 184 1
4 58 2 1 1 155 0 0 184 1
4 33 2 1 1 155 0 0 184 1
4 91 0 1 1 155 0 0 184 1
4 54 2 1 1 155 0 0 184 1
4 0 0 1 1 155 0 0 184 1
4 47 7 1 1 155 0 0 184 1
4 91 0 1 1 155 0 0 184 1
4 34 10 1 1 155 0 0 184 1
4 0 2 1 1 155 0 0 184 1
4 5 7 1 1 155 0 0 184 1
4 15 13 1 1 155 0 0 184 1
4 0 0 1 1 155 0 0 184 1
4 72 3 1 1 155 0 0 184 1
4 0 0 1 1 155 0 0 184 1
4 91 0 1 1 155 0 0 184 1
4 87 1 1 1 155 0 0 184 1
4 0 2 1 1 155 0 0 184 1
4 0 0 1 1 155 0 0 184 1
4 8 6 1 1 155 0 0 184 1
4 35 10 1 1 155 0 0 184 1
4 21 8 1 1 155 0 0 184 1
4 85 2 1 1 155 0 0 184 1
4 0 0 1 1 155 0 0 184 1
4 91 0 1 1 155 0 0 184 1
4 89 2 1 1 155 0 0 184 1
4 75 2 1 1 155 0 0 184 1
4 86 2 1 1 155 0 0 184 1
4 91 0 1 1 155 0 0 184 1
4 54 4 1 1 155 0 0 184 1
4 91 0 1 1 155 0 0 184 1
4 86 3 1 1 155 0 0 184 1
4 91 0 1 1 155 0 0 184 1
4 91 0 1 1 155 0 0 184 1
4 78 3 1 1 155 0 0 184 1
4 29 9 1 1 155 0 0 184 1
4 91 0 1 1 155 0 0 184 1
4 91 0 1 1 155 0 0 184 1
4 7 10 1 1 155 0 0 188 1
4 27 11 1 1 155 0 0 188 1
4 0 2 1 1 155 0 0 188 1
4 0 0 1 1 155 0 0 188 1
4 0 0 1 1 155 0 0 188 1
4 0 0 1 1 155 0 0 188 1
4 19 14 1 1 155 0 0 188 1
4 0 0 1 1 155 0 0 188 1
4 18 16 1 1 155 0 0 188 1
4 0 0 1 1 155 0 0 188 1
4 0 0 1 1 155 0 0 188 1
4 0 0 1 1 155 0 0 188 1
4 12 8 1 1 155 0 0 188 1
4 0 2 1 1 155 0 0 188 1
4 16 15 1 1 155 0 0 188 1
4 0 0 1 1 155 0 0 188 1
4 0 0 1 1 155 0 0 188 1
4 74 2 1 1 155 0 0 188 1
4 0 0 1 1 155 0 0 188 1
4 0 0 1 1 155 0 0 188 1
4 0 0 1 1 155 0 0 188 1
4 6 0 1 1 155 0 0 188 1
4 12 16 1 1 155 0 0 188 1
4 0 0 1 1 155 0 0 188 1
4 33 0 1 1 155 0 0 188 1
4 8 14 1 1 155 0 0 188 1
4 8 14 1 1 155 0 0 188 1
4 50 7 1 1 155 0 0 188 1
4 10 1 1 1 155 0 0 188 1
4 0 4 1 1 155 0 0 188 1
4 0 0 1 1 155 0 0 188 1
4 0 0 1 1 155 0 0 188 1
4 8 14 1 1 155 0 0 188 1
4 0 0 1 1 155 0 0 188 1
4 19 9 1 1 155 0 0 188 1
4 0 9 1 1 155 0 0 188 1
4 0 0 1 1 155 0 0 188 1
4 42 9 1 1 155 0 0 188 1
4 0 0 1 1 155 0 0 188 1
4 48 8 1 1 155 0 0 188 1
4 77 1 1 1 155 0 0 188 1
4 13 3 1 1 155 0 0 188 1
4 0 0 1 1 155 0 0 188 1
4 0 0 1 1 155 0 0 188 1
4 33 8 1 1 155 0 0 188 1
4 0 11 1 1 155 0 0 188 1
4 26 10 1 1 155 0 0 188 1
4 71 4 1 1 155 0 0 188 1
4 25 10 1 1 155 0 0 188 1
4 23 10 1 1 155 0 0 192 1
4 4 12 1 1 155 0 0 192 1
4 38 0 1 1 155 0 0 192 1
4 0 0 1 1 155 0 0 192 1
4 8 12 1 1 155 0 0 192 1
4 0 0 1 1 155 0 0 192 1
4 11 3 1 1 155 0 0 192 1
4 0 0 1 1 155 0 0 192 1
4 0 0 1 1 155 0 0 192 1
4 15 13 1 1 155 0 0 192 1
4 0 0 1 1 155 0 0 192 1
4 0 0 1 1 155 0 0 192 1
4 0 0 1 1 155 0 0 192 1
4 19 5 1 1 155 0 0 192 1
4 0 0 1 1 155 0 0 192 1
4 0 0 1 1 155 0 0 192 1
4 0 0 1 1 155 0 0 192 1
4 0 0 1 1 155 0 0 192 1
4 15 8 1 1 155 0 0 192 1
4 4 6 1 1 155 0 0 192 1
4 0 0 1 1 155 0 0 192 1
4 0 0 1 1 155 0 0 192 1
4 19 5 1 1 155 0 0 192 1
4 0 0 1 1 155 0 0 192 1
4 0 0 1 1 155 0 0 192 1
4 0 0 1 1 155 0 0 192 1
4 10 5 1 1 155 0 0 192 1
4 1 15 1 1 155 0 0 192 1
4 0 0 1 1 155 0 0 192 1
4 0 0 1 1 155 0 0 192 1
4 0 0 1 1 155 0 0 192 1
4 22 0 1 1 155 0 0 192 1
4 18 3 1 1 155 0 0 192 1
4 8 13 1 1 155 0 0 192 1
4 0 0 1 1 155 0 0 192 1
4 39 0 1 1 155 0 0 192 1
4 17 2 1 1 155 0 0 192 1
4 0 0 1 1 155 0 0 192 1
4 0 0 1 1 155 0 0 192 1
4 23 10 1 1 155 0 0 192 1
4 0 0 1 1 155 0 0 192 1
4 48 6 1 1 155 0 0 192 1
4 0 0 1 1 155 0 0 192 1
4 8 11 1 1 155 0 0 192 1
4 0 7 1 1 155 0 0 192 1
4 0 0 1 1 155 0 0 192 1
4 0 0 1 1 155 0 0 192 1
4 0 0 1 1 155 0 0 192 1
4 0 7 1 1 155 0 0 192 1
4 0 0 1 1 155 0 0 196 1
4 0 0 1 1 155 0 0 196 1
4 0 0 1 1 155 0 0 196 1
4 0 0 1 1 155 0 0 196 1
4 0 0 1 1 155 0 0 196 1
4 0 0 1 1 155 0 0 196 1
4 0 0 1 1 155 0 0 196 1
4 0 0 1 1 155 0 0 196 1
4 0 0 1 1 155 0 0 196 1
4 0 0 1 1 155 0 0 196 1
4 0 0 1 1 155 0 0 196 1
4 0 0 1 1 155 0 0 196 1
4 0 0 1 1 155 0 0 196 1
4 0 0 1 1 155 0 0 196 1
4 0 0 1 1 155 0 0 196 1
4 0 0 1 1 155 0 0 196 1
4 0 0 1 1 155 0 0 196 1
4 0 2 1 1 155 0 0 196 1
4 0 0 1 1 155 0 0 196 1
4 25 6 1 1 155 0 0 196 1
4 11 0 1 1 155 0 0 196 1
4 0 0 1 1 155 0 0 196 1
4 0 0 1 1 155 0 0 196 1
4 23 6 1 1 155 0 0 196 1
4 44 1 1 1 155 0 0 196 1
4 9 5 1 1 155 0 0 196 1
4 0 0 1 1 155 0 0 196 1
4 0 0 1 1 155 0 0 196 1
4 0 0 1 1 155 0 0 196 1
4 0 0 1 1 155 0 0 196 1
4 0 0 1 1 155 0 0 196 1
4 23 10 1 1 155 0 0 196 1
4 9 10 1 1 155 0 0 196 1
4 0 0 1 1 155 0 0 196 1
4 0 0 1 1 155 0 0 196 1
4 0 0 1 1 155 0 0 196 1
4 0 0 1 1 155 0 0 196 1
4 0 0 1 1 155 0 0 196 1
4 0 0 1 1 155 0 0 196 1
4 0 0 1 1 155 0 0 196 1
4 0 0 1 1 155 0 0 196 1
4 0 2 1 1 155 0 0 196 1
4 0 0 1 1 155 0 0 196 1
4 41 3 1 1 155 0 0 196 1
4 0 0 1 1 155 0 0 196 1
4 0 0 1 1 155 0 0 196 1
4 0 0 1 1 155 0 0 196 1
4 0 0 1 1 155 0 0 196 1
4 0 2 1 1 155 0 0 196 1
4 0 0 1 1 155 0 0 200 1
4 0 0 1 1 155 0 0 200 1
4 0 0 1 1 155 0 0 200 1
4 0 0 1 1 155 0 0 200 1
4 0 0 1 1 155 0 0 200 1
4 35 3 1 1 155 0 0 200 1
4 12 1 1 1 155 0 0 200 1
4 0 0 1 1 155 0 0 200 1
4 0 0 1 1 155 0 0 200 1
4 0 0 1 1 155 0 0 200 1
4 0 0 1 1 155 0 0 200 1
4 0 0 1 1 155 0 0 200 1
4 0 0 1 1 155 0 0 200 1
4 0 0 1 1 155 0 0 200 1
4 0 0 1 1 155 0 0 200 1
4 0 0 1 1 155 0 0 200 1
4 0 0 1 1 155 0 0 200 1
4 0 0 1 1 155 0 0 200 1
4 5 7 1 1 155 0 0 200 1
4 0 0 1 1 155 0 0 200 1
4 0 0 1 1 155 0 0 200 1
4 0 0 1 1 155 0 0 200 1
4 15 11 1 1 155 0 0 200 1
4 0 0 1 1 155 0 0 200 1
4 0 0 1 1 155 0 0 200 1
4 0 0 1 1 155 0 0 200 1
4 7 13 1 1 155 0 0 200 1
4 0 0 1 1 155 0 0 200 1
4 0 0 1 1 155 0 0 200 1
4 11 3 1 1 155 0 0 200 1
4 0 0 1 1 155 0 0 200 1
4 0 0 1 1 155 0 0 200 1
4 0 0 1 1 155 0 0 200 1
4 0 0 1 1 155 0 0 200 1
4 0 0 1 1 155 0 0 200 1
4 0 0 1 1 155 0 0 200 1
4 0 0 1 1 155 0 0 200 1
4 0 0 1 1 155 0 0 200 1
4 0 0 1 1 155 0 0 200 1
4 0 0 1 1 155 0 0 200 1
4 0 0 1 1 155 0 0 200 1
4 0 0 1 1 155 0 0 200 1
4 0 0 1 1 155 0 0 200 1
4 0 0 1 1 155 0 0 200 1
4 0 0 1 1 155 0 0 200 1
4 12 8 1 1 155 0 0 200 1
4 0 0 1 1 155 0 0 200 1
4 0 0 1 1 155 0 0 200 1
4 0 0 1 1 155 0 0 200 1
4 0 0 1 1 155 0 0 200 1
4 0 0 1 1 155 0 0 200 1
4 0 9 1 1 155 0 0 200 1
4 0 0 1 1 155 0 0 200 1
4 0 0 1 1 155 0 0 200 1
4 0 0 1 1 155 0 0 200 1
4 0 0 1 1 155 0 0 200 1
4 25 11 1 1 155 0 0 200 1
4 6 6 1 1 155 0 0 200 1
4 0 0 1 1 155 0 0 200 1
4 0 0 1 1 155 0 0 200 1
4 43 8 1 1 155 0 0 200 1
4 0 2 1 1 155 0 0 200 1
4 0 0 1 1 155 0 0 200 1
4 0 0 1 1 155 0 0 200 1
4 15 8 1 1 155 0 0 200 1
4 2 1 1 1 155 0 0 200 1
4 0 0 1 1 155 0 0 200 1
4 12 9 1 1 155 0 0 200 1
4 8 10 1 1 155 0 0 200 1
4 11 9 1 1 155 0 0 200 1
4 10 0 1 1 155 0 0 200 1
4 0 0 1 1 155 0 0 200 1
4 14 5 1 1 155 0 0 200 1
4 6 16 1 1 155 0 0 200 1
4 0 0 1 1 155 0 0 200 1
4 0 0 1 1 155 0 0 200 1
4 0 0 1 1 155 0 0 200 1
4 0 0 1 1 155 0 0 200 1
4 11 7 1 1 155 0 0 200 1
4 17 7 1 1 155 0 0 200 1
4 0 0 1 1 155 0 0 200 1
4 0 0 1 1 155 0 0 200 1
4 0 0 1 1 155 0 0 200 1
4 0 0 1 1 155 0 0 200 1
4 15 6 1 1 155 0 0 200 1
4 0 0 1 1 155 0 0 200 1
4 28 8 1 1 155 0 0 200 1
4 17 14 1 1 155 0 0 200 1
4 17 7 1 1 155 0 0 200 1
4 0 0 1 1 155 0 0 200 1
4 0 0 1 1 155 0 0 200 1
4 0 0 1 1 155 0 0 200 1
4 0 0 1 1 155 0 0 200 1
4 11 15 1 1 155 0 0 200 1
4 0 0 1 1 155 0 0 200 1
4 0 0 1 1 155 0 0 200 1
4 0 0 1 1 155 0 0 200 1
4 0 0 1 1 155 0 0 200 1
4 0 0 1 1 155 0 0 200 1
4 0 0 1 1 155 0 0 200 1
4 57 3 1 1 155 0 0 200 1
4 13 8 1 1 155 0 0 200 1
4 0 0 1 1 155 0 0 200 1
4 42 10 1 1 155 0 0 200 1
4 33 8 1 1 155 0 0 200 1
4 0 0 1 1 155 0 0 200 1
4 30 0 1 1 155 0 0 200 1
4 21 7 1 1 155 0 0 200 1
4 13 4 1 1 155 0 0 200 1
4 0 0 1 1 155 0 0 200 1
4 51 1 1 1 155 0 0 200 1
4 0 0 1 1 155 0 0 200 1
4 7 8 1 1 155 0 0 200 1
4 0 0 1 1 155 0 0 200 1
4 15 7 1 1 155 0 0 200 1
4 0 7 1 1 155 0 0 200 1
4 39 8 1 1 155 0 0 200 1
4 16 3 1 1 155 0 0 200 1
4 68 2 1 1 155 0 0 200 1
4 0 9 1 1 155 0 0 200 1
4 26 8 1 1 155 0 0 200 1
4 23 10 1 1 155 0 0 200 1
4 38 0 1 1 155 0 0 200 1
4 3 4 1 1 155 0 0 200 1
4 0 0 1 1 155 0 0 200 1
4 11 14 1 1 155 0 0 200 1
4 29 13 1 1 155 0 0 200 1
4 1 15 1 1 155 0 0 200 1
4 2 2 1 1 155 0 0 200 1
4 6 9 1 1 155 0 0 200 1
4 23 10 1 1 155 0 0 200 1
4 3 12 1 1 155 0 0 200 1
4 0 0 1 1 155 0 0 200 1
4 0 7 1 1 155 0 0 200 1
4 25 4 1 1 155 0 0 200 1
4 25 4 1 1 155 0 0 200 1
4 0 0 1 1 155 0 0 200 1
4 4 2 1 1 155 0 0 200 1
4 0 0 1 1 155 0 0 200 1
4 0 0 1 1 155 0 0 200 1
4 33 4 1 1 155 0 0 200 1
4 23 11 1 1 155 0 0 200 1
4 0 0 1 1 155 0 0 200 1
4 8 12 1 1 155 0 0 200 1
4 29 10 1 1 155 0 0 200 1
4 13 5 1 1 155 0 0 200 1
4 34 5 1 1 155 0 0 200 1
4 5 9 1 1 155 0 0 200 1
4 37 7 1 1 155 0 0 200 1
4 11 8 1 1 155 0 0 200 1
4 6 6 1 1 155 0 0 200 1
4 0 0 1 1 155 0 0 200 1
4 33 0 1 1 155 0 0 200 1
4 6 1 1 1 155 0 0 200 1
4 13 11 1 1 155 0 0 200 1
4 18 14 1 1 155 0 0 200 1
4 32 2 1 1 155 0 0 200 1
4 0 7 1 1 155 0 0 200 1
4 11 2 1 1 155 0 0 200 1
4 31 9 1 1 155 0 0 200 1
4 37 7 1 1 155 0 0 200 1
4 8 4 1 1 155 0 0 200 1
4 71 0 1 1 155 0 0 200 1
4 60 4 1 1 155 0 0 200 1
4 0 9 1 1 155 0 0 200 1
4 42 9 1 1 155 0 0 200 1
4 15 1 1 1 155 0 0 200 1
4 16 6 1 1 155 0 0 200 1
4 1 8 1 1 155 0 0 200 1
4 1 6 1 1 155 0 0 200 1
4 0 0 1 1 155 0 0 200 1
4 23 10 1 1 155 0 0 200 1
4 44 0 1 1 155 0 0 200 1
4 10 14 1 1 155 0 0 200 1
4 28 4 1 1 155 0 0 200 1
4 34 7 1 1 155 0 0 200 1
4 25 12 1 1 155 0 0 200 1
4 48 3 1 1 155 0 0 200 1
4 0 14 1 1 155 0 0 200 1
4 6 12 1 1 155 0 0 200 1
4 11 14 1 1 155 0 0 200 1
4 37 5 1 1 155 0 0 200 1
4 14 7 1 1 155 0 0 200 1
4 37 6 1 1 155 0 0 200 1
4 8 9 1 1 155 0 0 200 1
4 0 0 1 1 155 0 0 200 1
4 0 11 1 1 155 0 0 200 1
4 0 8 1 1 155 0 0 200 1
4 33 5 1 1 155 0 0 200 1
4 12 12 1 1 155 0 0 200 1
4 0 0 1 1 155 0 0 200 1
4 31 3 1 1 155 0 0 200 1
4 0 0 1 1 155 0 0 200 1
4 45 7 1 1 155 0 0 200 1
4 43 9 1 1 155 0 0 200 1
4 29 3 1 1 155 0 0 200 1
4 48 2 1 1 155 0 0 200 1
4 1 4 1 1 155 0 0 200 1
4 18 2 1 1 155 0 0 200 1
4 11 8 1 1 155 0 0 200 1
4 38 0 1 1 155 0 0 200 1
4 53 0 1 1 155 0 0 200 1
4 62 0 1 1 155 0 0 200 1
4 0 0 1 1 155 0 0 200 1
4 37 2 1 1 155 0 0 200 1
4 38 0 1 1 155 0 0 200 1
4 19 10 1 1 155 0 0 200 1
4 0 0 1 1 155 0 0 200 1
4 4 6 1 1 155 0 0 200 1
4 14 10 1 1 155 0 0 200 1
4 16 7 1 1 155 0 0 200 1
4 0 0 1 1 155 0 0 200 1
4 36 7 1 1 155 0 0 200 1
4 0 0 1 1 155 0 0 200 1
4 71 5 1 1 155 0 0 200 1
4 14 10 1 1 155 0 0 200 1
4 38 9 1 1 155 0 0 200 1
4 2 3 1 1 155 0 0 200 1
4 23 10 1 1 155 0 0 200 1
4 84 0 1 1 155 0 0 200 1
4 11 6 1 1 155 0 0 200 1
4 38 0 1 1 155 0 0 200 1
4 23 10 1 1 155 0 0 200 1
4 23 10 1 1 155 0 0 200 1
4 9 7 1 1 155 0 0 200 1
4 78 0 1 1 155 0 0 200 1
4 0 0 1 1 155 0 0 200 1
4 39 3 1 1 155 0 0 200 1
4 37 6 1 1 155 0 0 200 1
4 68 0 1 1 155 0 0 200 1
4 29 1 1 1 155 0 0 200 1
4 23 7 1 1 155 0 0 200 1
4 20 10 1 1 155 0 0 200 1
4 38 5 1 1 155 0 0 200 1
4 48 0 1 1 155 0 0 200 1
4 0 0 1 1 155 0 0 200 1
4 45 0 1 1 155 0 0 200 1
4 40 7 1 1 155 0 0 200 1
4 38 7 1 1 155 0 0 200 1
4 0 7 1 1 155 0 0 200 1
4 45 3 1 1 155 0 0 200 1
4 47 8 1 1 155 0 0 200 1
4 32 3 1 1 155 0 0 200 1
4 0 0 1 1 155 0 0 200 1
4 59 0 1 1 155 0 0 200 1
4 31 7 1 1 155 0 0 200 1
4 42 0 1 1 155 0 0 200 1
4 44 6 1 1 155 0 0 200 1
4 23 4 1 1 155 0 0 200 1
4 82 1 1 1 155 0 0 200 1
4 55 4 1 1 155 0 0 200 1
4 67 2 1 1 155 0 0 200 1
4 37 2 1 1 155 0 0 200 1
4 25 1 1 1 155 0 0 200 1
4 0 0 1 1 155 0 0 200 1
4 23 8 1 1 155 0 0 200 1
4 23 8 1 1 155 0 0 200 1
4 19 3 1 1 155 0 0 200 1
4 2 4 1 1 155 0 0 200 1
4 0 0 1 1 155 0 0 200 1
4 22 7 1 1 155 0 0 200 1
4 64 5 1 1 155 0 0 200 1
4 91 0 1 1 155 0 0 200 1
4 38 8 1 1 155 0 0 200 1
4 44 6 1 1 155 0 0 200 1
4 45 0 1 1 155 0 0 200 1
4 35 0 1 1 155 0 0 200 1
4 21 12 1 1 155 0 0 200 1
4 17 7 1 1 155 0 0 200 1
4 14 15 1 1 155 0 0 200 1
4 30 10 1 1 155 0 0 200 1
4 45 0 1 1 155 0 0 200 1
4 44 4 1 1 155 0 0 200 1
4 91 0 1 1 155 0 0 200 1
4 16 4 1 1 155 0 0 200 1
4 30 13 1 1 155 0 0 200 1
4 51 3 1 1 155 0 0 200 1
4 16 3 1 1 155 0 0 200 1
4 32 6 1 1 155 0 0 200 1
4 33 11 1 1 155 0 0 200 1
4 50 0 1 1 155 0 0 200 1
4 31 5 1 1 155 0 0 200 1
4 24 13 1 1 155 0 0 200 1
4 14 10 1 1 155 0 0 200 1
4 79 2 1 1 155 0 0 200 1
4 55 4 1 1 155 0 0 200 1
4 55 2 1 1 155 0 0 200 1
4 62 0 1 1 155 0 0 200 1
4 31 12 1 1 155 0 0 200 1
4 0 0 1 1 155 0 0 200 1
4 24 9 1 1 155 0 0 200 1
4 27 7 1 1 155 0 0 200 1
4 23 9 1 1 155 0 0 200 1
4 11 6 1 1 155 0 0 200 1
4 29 5 1 1 155 0 0 200 1
4 91 0 1 1 155 0 0 200 1
4 16 12 1 1 155 0 0 200 1
4 62 3 1 1 155 0 0 200 1
4 15 3 1 1 155 0 0 200 1
4 55 6 1 1 155 0 0 200 1
4 28 0 1 1 155 0 0 200 1
4 77 3 1 1 155 0 0 200 1
4 36 5 1 1 155 0 0 200 1
4 57 1 1 1 155 0 0 200 1
4 13 3 1 1 155 0 0 200 1
4 88 2 1 1 155 0 0 200 1
4 47 3 1 1 155 0 0 200 1
4 57 4 1 1 155 0 0 200 1
4 41 1 1 1 155 0 0 200 1
4 36 6 1 1 155 0 0 200 1
4 28 6 1 1 155 0 0 200 1
4 57 2 1 1 155 0 0 200 1
4 18 15 1 1 155 0 0 200 1
4 39 0 1 1 155 0 0 200 1
4 13 3 1 1 155 0 0 200 1
4 75 2 1 1 155 0 0 200 1
4 73 4 1 1 155 0 0 200 1
4 35 11 1 1 155 0 0 200 1
4 22 4 1 1 155 0 0 200 1
4 91 0 1 1 155 0 0 200 1
4 91 0 1 1 155 0 0 200 1
4 41 3 1 1 155 0 0 200 1
4 16 8 1 1 155 0 0 200 1
4 42 7 1 1 155 0 0 200 1
4 76 3 1 1 155 0 0 200 1
4 8 7 1 1 155 0 0 200 1
4 68 2 1 1 155 0 0 200 1
4 37 7 1 1 155 0 0 200 1
4 62 1 1 1 155 0 0 200 1
4 42 2 1 1 155 0 0 200 1
4 91 0 1 1 155 0 0 200 1
4 64 1 1 1 155 0 0 200 1
4 0 0 1 1 155 0 0 200 1
4 18 2 1 1 155 0 0 200 1
4 74 3 1 1 155 0 0 200 1
4 72 0 1 1 155 0 0 200 1
4 52 2 1 1 155 0 0 200 1
4 52 0 1 1 155 0 0 200 1
4 18 6 1 1 155 0 0 200 1
4 0 0 1 1 155 0 0 200 1
4 0 0 1 1 155 0 0 200 1
4 0 0 1 1 155 0 0 200 1
4 0 0 1 1 155 0 0 200 1
4 0 0 1 1 155 0 0 200 1
4 22 8 1 1 155 0 0 200 1
4 9 16 1 1 155 0 0 200 1
4 35 9 1 1 155 0 0 200 1
4 14 15 1 1 155 0 0 200 1
4 42 2 1 1 155 0 0 200 1
4 21 2 1 1 155 0 0 200 1
4 23 7 1 1 155 0 0 200 1
4 18 7 1 1 155 0 0 200 1
4 8 4 1 1 155 0 0 200 1
4 16 10 1 1 155 0 0 200 1
4 0 0 1 1 155 0 0 200 1
4 31 5 1 1 155 0 0 200 1
4 31 5 1 1 155 0 0 200 1
4 25 8 1 1 155 0 0 200 1
4 38 5 1 1 155 0 0 200 1
4 29 6 1 1 155 0 0 200 1
4 11 14 1 1 155 0 0 200 1
4 1 9 1 1 155 0 0 200 1
4 35 2 1 1 155 0 0 200 1
4 0 0 1 1 155 0 0 200 1
4 87 2 1 1 155 0 0 200 1
4 6 10 1 1 155 0 0 200 1
4 36 5 1 1 155 0 0 200 1
4 49 7 1 1 155 0 0 200 1
4 0 0 1 1 155 0 0 200 1
4 3 1 1 1 155 0 0 200 1
4 19 2 1 1 155 0 0 200 1
4 32 9 1 1 155 0 0 200 1
4 11 6 1 1 155 0 0 200 1
4 24 13 1 1 155 0 0 200 1
4 59 1 1 1 155 0 0 200 1
4 26 11 1 1 155 0 0 200 1
4 28 11 1 1 155 0 0 200 1
4 29 6 1 1 155 0 0 200 1
4 77 2 1 1 155 0 0 200 1
4 40 2 1 1 155 0 0 200 1
4 61 2 1 1 155 0 0 200 1
4 56 2 1 1 155 0 0 200 1
4 64 4 1 1 155 0 0 200 1
4 49 5 1 1 155 0 0 200 1
4 37 7 1 1 155 0 0 200 1
4 77 0 1 1 155 0 0 200 1
4 2 3 1 1 155 0 0 200 1
4 11 4 1 1 155 0 0 200 1
4 7 3 1 1 155 0 0 200 1
4 2 5 1 1 155 0 0 200 1
4 5 10 1 1 155 0 0 200 1
4 28 12 1 1 155 0 0 200 1
4 14 2 1 1 155 0 0 200 1
4 34 8 1 1 155 0 0 200 1
4 0 0 1 1 155 0 0 200 1
4 13 4 1 1 155 0 0 200 1
4 0 0 1 1 155 0 0 200 1
4 16 12 1 1 155 0 0 200 1
4 22 2 1 1 155 0 0 200 1
4 6 2 1 1 155 0 0 200 1
4 19 11 1 1 155 0 0 200 1
4 5 8 1 1 155 0 0 200 1
4 45 0 1 1 155 0 0 200 1
4 20 4 1 1 155 0 0 200 1
4 0 3 1 1 155 0 0 200 1
4 6 14 1 1 155 0 0 200 1
4 10 7 1 1 155 0 0 200 1
4 42 2 1 1 155 0 0 200 1
4 18 7 1 1 155 0 0 200 1
4 0 0 1 1 155 0 0 200 1
4 31 2 1 1 155 0 0 200 1
4 31 8 1 1 155 0 0 200 1
4 31 12 1 1 155 0 0 200 1
4 32 6 1 1 155 0 0 200 1
4 0 0 1 1 155 0 0 200 1
4 32 1 1 1 155 0 0 200 1
4 39 5 1 1 155 0 0 200 1
4 23 9 1 1 155 0 0 200 1
4 16 10 1 1 155 0 0 200 1
4 38 1 1 1 155 0 0 200 1
4 22 2 1 1 155 0 0 200 1
4 27 10 1 1 155 0 0 200 1
4 22 11 1 1 155 0 0 200 1
4 45 3 1 1 155 0 0 200 1
4 20 1 1 1 155 0 0 200 1
4 30 2 1 1 155 0 0 200 1
4 21 6 1 1 155 0 0 200 1
4 81 2 1 1 155 0 0 200 1
4 60 0 1 1 155 0 0 200 1
4 0 3 1 1 155 0 0 200 1
4 69 4 1 1 155 0 0 200 1
4 40 9 1 1 155 0 0 200 1
4 12 7 1 1 155 0 0 200 1
4 10 0 1 1 155 0 0 200 1
4 55 6 1 1 155 0 0 200 1
4 21 13 1 1 155 0 0 200 1
4 0 0 1 1 155 0 0 200 1
4 0 0 1 1 155 0 0 200 1
4 4 6 1 1 155 0 0 200 1
4 61 5 1 1 155 0 0 200 1
4 3 0 1 1 155 0 0 200 1
4 5 13 1 1 155 0 0 200 1
4 41 6 1 1 155 0 0 200 1
4 25 14 1 1 155 0 0 200 1
4 0 0 1 1 155 0 0 200 1
4 11 6 1 1 155 0 0 200 1
4 0 0 1 1 155 0 0 200 1
4 0 8 1 1 155 0 0 200 1
4 0 0 1 1 155 0 0 200 1
4 1 10 1 1 155 0 0 200 1
4 5 11 1 1 155 0 0 200 1
4 0 0 1 1 155 0 0 200 1
4 26 9 1 1 155 0 0 200 1
4 34 11 1 1 155 0 0 200 1
4 22 5 1 1 155 0 0 200 1
4 0 0 1 1 155 0 0 200 1
4 7 4 1 1 155 0 0 200 1
4 0 0 1 1 155 0 0 200 1
4 39 6 1 1 155 0 0 200 1
4 14 13 1 1 155 0 0 200 1
4 4 8 1 1 155 0 0 200 1
4 19 0 1 1 155 0 0 200 1
4 4 6 1 1 155 0 0 200 1
4 0 0 1 1 155 0 0 200 1
4 0 0 1 1 155 0 0 200 1
4 0 0 1 1 155 0 0 200 1
4 15 9 1 1 155 0 0 200 1
4 42 7 1 1 155 0 0 200 1
4 13 0 1 1 155 0 0 200 1
4 15 2 1 1 155 0 0 200 1
4 0 0 1 1 155 0 0 200 1
4 49 6 1 1 155 0 0 200 1
4 0 0 1 1 155 0 0 200 1
4 11 11 1 1 155 0 0 200 1
4 19 6 1 1 155 0 0 200 1
4 12 9 1 1 155 0 0 200 1
4 8 2 1 1 155 0 0 200 1
4 23 4 1 1 155 0 0 200 1
4 12 5 1 1 155 0 0 200 1
4 17 11 1 1 155 0 0 200 1
4 1 2 1 1 155 0 0 200 1
4 25 4 1 1 155 0 0 200 1
4 47 8 1 1 155 0 0 200 1
4 19 12 1 1 155 0 0 200 1
4 0 6 1 1 155 0 0 200 1
4 0 0 1 1 155 0 0 200 1
4 0 0 1 1 155 0 0 200 1
4 0 0 1 1 155 0 0 200 1
4 4 6 1 1 155 0 0 200 1
4 2 0 1 1 155 0 0 200 1
4 0 0 1 1 155 0 0 200 1
4 34 1 1 1 155 0 0 200 1
4 24 0 1 1 155 0 0 200 1
4 4 0 1 1 155 0 0 200 1
4 0 0 1 1 155 0 0 200 1
4 0 0 1 1 155 0 0 200 1
4 0 0 1 1 155 0 0 200 1
4 0 0 1 1 155 0 0 200 1
4 12 10 1 1 155 0 0 200 1
4 16 0 1 1 155 0 0 200 1
4 0 0 1 1 155 0 0 200 1
4 0 0 1 1 155 0 0 200 1
4 0 0 1 1 155 0 0 200 1
4 12 13 1 1 155 0 0 200 1
4 83 2 1 1 155 0 0 200 1
4 2 9 1 1 155 0 0 200 1
4 17 5 1 1 155 0 0 200 1
4 9 3 1 1 155 0 0 200 1
4 0 0 1 1 155 0 0 200 1
4 0 1 1 1 155 0 0 200 1
4 5 5 1 1 155 0 0 200 1
4 11 14 1 1 155 0 0 200 1
4 35 4 1 1 155 0 0 200 1
4 0 0 1 1 155 0 0 200 1
4 0 0 1 1 155 0 0 200 1
4 23 13 1 1 155 0 0 200 1
4 23 1 1 1 155 0 0 200 1
4 54 5 1 1 155 0 0 200 1
4 17 14 1 1 155 0 0 200 1
4 0 0 1 1 155 0 0 200 1
4 11 15 1 1 155 0 0 200 1
4 0 0 1 1 155 0 0 200 1
4 29 6 1 1 155 0 0 200 1
4 0 0 1 1 155 0 0 200 1
4 0 0 1 1 155 0 0 200 1
4 0 0 1 1 155 0 0 200 1
4 1 1 1 1 155 0 0 200 1
4 9 16 1 1 155 0 0 200 1
4 21 14 1 1 155 0 0 200 1
4 0 0 1 1 155 0 0 200 1
4 19 6 1 1 155 0 0 200 1
4 0 0 1 1 155 0 0 200 1
4 0 0 1 1 155 0 0 200 1
4 0 0 1 1 155 0 0 200 1
4 0 0 1 1 155 0 0 200 1
4 0 0 1 1 155 0 0 200 1
4 0 0 1 1 155 0 0 200 1
4 0 0 1 1 155 0 0 200 1
4 0 0 1 1 155 0 0 200 1
4 0 0 1 1 155 0 0 200 1
4 0 0 1 1 155 0 0 200 1
4 9 16 1 1 155 0 0 200 1
4 3 7 1 1 155 0 0 200 1
4 0 0 1 1 155 0 0 200 1
4 3 2 1 1 155 0 0 200 1
4 0 0 1 1 155 0 0 200 1
4 21 1 1 1 155 0 0 200 1
4 35 9 1 1 155 0 0 200 1
4 2 12 1 1 155 0 0 200 1
4 0 0 1 1 155 0 0 200 1
4 0 0 1 1 155 0 0 200 1
4 0 0 1 1 155 0 0 200 1
4 32 7 1 1 155 0 0 200 1
4 0 0 1 1 155 0 0 200 1
4 15 13 1 1 155 0 0 200 1
4 0 0 1 1 155 0 0 200 1
4 0 0 1 1 155 0 0 200 1
4 3 8 1 1 155 0 0 200 1
4 0 0 1 1 155 0 0 200 1
4 16 10 1 1 155 0 0 200 1
4 0 0 1 1 155 0 0 200 1
4 13 12 1 1 155 0 0 200 1
4 53 8 1 1 155 0 0 200 1
4 16 4 1 1 155 0 0 200 1
4 10 2 1 1 155 0 0 200 1
4 5 5 1 1 155 0 0 200 1
4 0 0 1 1 155 0 0 200 1
4 6 4 1 1 155 0 0 200 1
4 0 0 1 1 155 0 0 200 1
4 13 14 1 1 155 0 0 200 1
4 9 16 1 1 155 0 0 200 1
4 19 6 1 1 155 0 0 200 1
4 19 6 1 1 155 0 0 200 1
4 18 10 1 1 155 0 0 200 1
4 14 15 1 1 155 0 0 200 1
4 15 14 1 1 155 0 0 200 1
4 30 7 1 1 155 0 0 200 1
4 0 0 1 1 155 0 0 200 1
4 29 11 1 1 155 0 0 200 1
4 0 0 1 1 155 0 0 200 1
4 0 0 1 1 155 0 0 200 1
4 0 8 1 1 155 0 0 200 1
4 30 8 1 1 155 0 0 200 1
4 0 0 1 1 155 0 0 200 1
4 0 0 1 1 155 0 0 200 1
4 21 9 1 1 155 0 0 200 1
4 26 12 1 1 155 0 0 200 1
4 4 2 1 1 155 0 0 200 1
4 10 9 1 1 155 0 0 200 1
4 8 2 1 1 155 0 0 200 1
4 15 5 1 1 155 0 0 200 1
4 34 12 1 1 155 0 0 200 1
4 5 1 1 1 155 0 0 200 1
4 23 14 1 1 155 0 0 200 1
4 0 0 1 1 155 0 0 200 1
4 11 12 1 1 155 0 0 200 1
4 19 15 1 1 155 0 0 200 1
4 33 9 1 1 155 0 0 200 1
4 5 15 1 1 155 0 0 200 1
4 69 1 1 1 155 0 0 200 1
4 0 0 1 1 155 0 0 200 1
4 1 11 1 1 155 0 0 200 1
4 4 6 1 1 155 0 0 200 1
4 0 0 1 1 155 0 0 200 1
4 31 5 1 1 155 0 0 200 1
4 21 10 1 1 155 0 0 200 1
4 8 2 1 1 155 0 0 200 1
4 17 9 1 1 155 0 0 200 1
4 10 4 1 1 155 0 0 200 1
4 9 14 1 1 155 0 0 200 1
4 7 4 1 1 155 0 0 200 1
4 3 3 1 1 155 0 0 200 1
4 65 4 1 1 155 0 0 200 1
4 25 7 1 1 155 0 0 200 1
4 0 0 1 1 155 0 0 200 1
4 4 4 1 1 155 0 0 200 1
4 38 5 1 1 155 0 0 200 1
4 0 0 1 1 155 0 0 200 1
4 23 9 1 1 155 0 0 200 1
4 8 12 1 1 155 0 0 200 1
4 20 0 1 1 155 0 0 200 1
4 0 0 1 1 155 0 0 200 1
4 52 5 1 1 155 0 0 200 1
4 32 7 1 1 155 0 0 200 1
4 42 3 1 1 155 0 0 200 1
4 0 0 1 1 155 0 0 200 1
4 22 9 1 1 155 0 0 200 1
4 17 12 1 1 155 0 0 200 1
4 0 0 1 1 155 0 0 200 1
4 50 5 1 1 155 0 0 200 1
4 61 3 1 1 155 0 0 200 1
4 9 1 1 1 155 0 0 200 1
4 26 5 1 1 155 0 0 200 1
4 41 8 1 1 155 0 0 200 1
4 0 0 1 1 155 0 0 200 1
4 24 3 1 1 155 0 0 200 1
4 23 11 1 1 155 0 0 200 1
4 47 1 1 1 155 0 0 200 1
4 56 2 1 1 155 0 0 200 1
4 59 3 1 1 155 0 0 200 1
4 19 6 1 1 155 0 0 200 1
4 24 4 1 1 155 0 0 200 1
4 46 5 1 1 155 0 0 200 1
4 18 4 1 1 155 0 0 200 1
4 47 4 1 1 155 0 0 200 1
4 21 11 1 1 155 0 0 200 1
4 57 4 1 1 155 0 0 200 1
4 0 0 1 1 155 0 0 200 1
4 26 6 1 1 155 0 0 200 1
4 0 11 1 1 155 0 0 200 1
4 36 1 1 1 155 0 0 200 1
4 30 3 1 1 155 0 0 200 1
4 0 0 1 1 155 0 0 200 1
4 42 10 1 1 155 0 0 200 1
4 0 0 1 1 155 0 0 200 1
4 18 5 1 1 155 0 0 200 1
4 15 2 1 1 155 0 0 200 1
4 0 0 1 1 155 0 0 200 1
4 49 1 1 1 155 0 0 200 1
4 9 8 1 1 155 0 0 200 1
4 0 0 1 1 155 0 0 200 1
4 20 12 1 1 155 0 0 200 1
4 34 11 1 1 155 0 0 200 1
4 32 6 1 1 155 0 0 200 1
4 20 4 1 1 155 0 0 200 1
4 36 8 1 1 155 0 0 200 1
4 27 8 1 1 155 0 0 200 1
4 66 5 1 1 155 0 0 200 1
4 10 6 1 1 155 0 0 200 1
4 5 2 1 1 155 0 0 200 1
4 31 5 1 1 155 0 0 200 1
4 26 3 1 1 155 0 0 200 1
4 7 11 1 1 155 0 0 200 1
4 0 0 1 1 155 0 0 200 1
4 0 0 1 1 155 0 0 200 1
4 90 3 1 1 155 0 0 200 1
4 17 12 1 1 155 0 0 200 1
4 10 12 1 1 155 0 0 200 1
4 34 8 1 1 155 0 0 200 1
4 10 6 1 1 155 0 0 200 1
4 48 3 1 1 155 0 0 200 1
4 13 9 1 1 155 0 0 200 1
4 0 8 1 1 155 0 0 200 1
4 6 3 1 1 155 0 0 200 1
4 67 3 1 1 155 0 0 200 1
4 0 0 1 1 155 0 0 200 1
4 30 4 1 1 155 0 0 200 1
4 50 5 1 1 155 0 0 200 1
4 64 4 1 1 155 0 0 200 1
4 21 7 1 1 155 0 0 200 1
4 91 0 1 1 155 0 0 200 1
4 27 2 1 1 155 0 0 200 1
4 39 1 1 1 155 0 0 200 1
4 49 0 1 1 155 0 0 200 1
4 91 0 1 1 155 0 0 200 1
4 56 5 1 1 155 0 0 200 1
4 46 5 1 1 155 0 0 200 1
4 6 10 1 1 155 0 0 200 1
4 37 3 1 1 155 0 0 200 1
4 87 3 1 1 155 0 0 200 1
4 52 5 1 1 155 0 0 200 1
4 61 3 1 1 155 0 0 200 1
4 23 9 1 1 155 0 0 200 1
4 36 0 1 1 155 0 0 200 1
4 27 3 1 1 155 0 0 200 1
4 42 4 1 1 155 0 0 200 1
4 22 1 1 1 155 0 0 200 1
4 33 2 1 1 155 0 0 200 1
4 22 12 1 1 155 0 0 200 1
4 42 5 1 1 155 0 0 200 1
4 6 10 1 1 155 0 0 200 1
4 52 5 1 1 155 0 0 200 1
4 42 3 1 1 155 0 0 200 1
4 53 6 1 1 155 0 0 200 1
4 12 3 1 1 155 0 0 200 1
4 46 5 1 1 155 0 0 200 1
4 18 0 1 1 155 0 0 200 1
4 22 3 1 1 155 0 0 200 1
4 24 1 1 1 155 0 0 200 1
4 62 3 1 1 155 0 0 200 1
4 32 2 1 1 155 0 0 200 1
4 27 2 1 1 155 0 0 200 1
4 55 4 1 1 155 0 0 200 1
4 67 1 1 1 155 0 0 200 1
4 46 2 1 1 155 0 0 200 1
4 22 9 1 1 155 0 0 200 1
4 91 0 1 1 155 0 0 200 1
4 0 0 1 1 155 0 0 200 1
4 38 5 1 1 155 0 0 200 1
4 91 0 1 1 155 0 0 200 1
4 49 1 1 1 155 0 0 200 1
4 91 0 1 1 155 0 0 200 1
4 23 2 1 1 155 0 0 200 1
4 48 5 1 1 155 0 0 200 1
4 72 3 1 1 155 0 0 200 1
4 51 6 1 1 155 0 0 200 1
4 91 0 1 1 155 0 0 200 1
4 76 1 1 1 155 0 0 200 1
4 79 1 1 1 155 0 0 200 1
4 35 3 1 1 155 0 0 200 1
4 41 0 1 1 155 0 0 200 1
4 50 4 1 1 155 0 0 200 1
4 21 2 1 1 155 0 0 200 1
4 54 1 1 1 155 0 0 200 1
4 25 10 1 1 155 0 0 200 1
4 0 0 1 1 155 0 0 200 1
4 21 3 1 1 155 0 0 200 1
4 53 1 1 1 155 0 0 200 1
4 64 2 1 1 155 0 0 200 1
4 44 0 1 1 155 0 0 200 1
4 57 2 1 1 155 0 0 200 1
4 90 1 1 1 155 0 0 200 1
4 31 1 1 1 155 0 0 200 1
4 49 4 1 1 155 0 0 200 1
4 51 2 1 1 155 0 0 200 1
4 49 7 1 1 155 0 0 200 1
4 68 3 1 1 155 0 0 200 1
4 34 11 1 1 155 0 0 200 1
4 67 4 1 1 155 0 0 200 1
4 75 4 1 1 155 0 0 200 1
4 49 2 1 1 155 0 0 200 1
4 40 1 1 1 155 0 0 200 1
4 28 7 1 1 155 0 0 200 1
4 55 0 1 1 155 0 0 200 1
4 73 0 1 1 155 0 0 200 1
4 62 2 1 1 155 0 0 200 1
4 13 4 1 1 155 0 0 200 1
4 38 5 1 1 155 0 0 200 1
4 38 1 1 1 155 0 0 200 1
4 47 5 1 1 155 0 0 200 1
4 38 3 1 1 155 0 0 200 1
4 55 4 1 1 155 0 0 200 1
4 43 1 1 1 155 0 0 200 1
4 72 4 1 1 155 0 0 200 1
4 72 1 1 1 155 0 0 200 1
4 27 7 1 1 155 0 0 200 1
4 91 0 1 1 155 0 0 200 1
4 19 9 1 1 155 0 0 200 1
4 35 7 1 1 155 0 0 200 1
4 50 7 1 1 155 0 0 200 1
4 35 1 1 1 155 0 0 200 1
4 47 4 1 1 155 0 0 200 1
4 27 5 1 1 155 0 0 200 1
4 34 8 1 1 155 0 0 200 1
4 40 3 1 1 155 0 0 200 1
4 42 5 1 1 155 0 0 200 1
4 43 6 1 1 155 0 0 200 1
4 39 10 1 1 155 0 0 200 1
4 51 4 1 1 155 0 0 200 1
4 47 0 1 1 155 0 0 200 1
4 25 2 1 1 155 0 0 200 1
4 29 7 1 1 155 0 0 200 1
4 53 4 1 1 155 0 0 200 1
4 59 3 1 1 155 0 0 200 1
4 28 1 1 1 155 0 0 200 1
4 90 3 1 1 155 0 0 200 1
4 81 2 1 1 155 0 0 200 1
4 39 2 1 1 155 0 0 200 1
4 65 1 1 1 155 0 0 200 1
4 56 3 1 1 155 0 0 200 1
4 0 4 1 1 155 0 0 200 1
4 51 4 1 1 155 0 0 200 1
4 6 5 1 1 155 0 0 200 1
4 34 2 1 1 155 0 0 200 1
4 11 13 1 1 155 0 0 200 1
4 85 4 1 1 155 0 0 200 1
4 65 2 1 1 155 0 0 200 1
4 77 2 1 1 155 0 0 200 1
4 34 5 1 1 155 0 0 200 1
4 54 7 1 1 155 0 0 200 1
4 69 2 1 1 155 0 0 200 1
4 64 4 1 1 155 0 0 200 1
4 63 3 1 1 155 0 0 200 1
4 46 3 1 1 155 0 0 200 1
4 70 3 1 1 155 0 0 200 1
4 64 4 1 1 155 0 0 200 1
4 91 0 1 1 155 0 0 200 1
4 56 6 1 1 155 0 0 200 1
4 28 9 1 1 155 0 0 200 1
4 47 2 1 1 155 0 0 200 1
4 24 10 1 1 155 0 0 200 1
4 80 1 1 1 155 0 0 200 1
4 71 1 1 1 155 0 0 200 1
4 9 4 1 1 155 0 0 200 1
4 19 6 1 1 155 0 0 200 1
4 53 4 1 1 155 0 0 200 1
4 91 0 1 1 155 0 0 200 1
4 15 2 1 1 155 0 0 200 1
4 75 0 1 1 155 0 0 200 1
4 15 6 1 1 155 0 0 200 1
4 17 1 1 1 155 0 0 200 1
4 20 2 1 1 155 0 0 200 1
4 7 5 1 1 155 0 0 200 1
4 62 2 1 1 155 0 0 200 1
4 49 3 1 1 155 0 0 200 1
4 58 4 1 1 155 0 0 200 1
4 59 4 1 1 155 0 0 200 1
4 14 8 1 1 155 0 0 200 1
4 18 1 1 1 155 0 0 200 1
4 55 2 1 1 155 0 0 200 1
4 16 9 1 1 155 0 0 200 1
4 16 11 1 1 155 0 0 200 1
4 32 4 1 1 155 0 0 200 1
4 89 1 1 1 155 0 0 200 1
4 8 7 1 1 155 0 0 200 1
4 66 2 1 1 155 0 0 200 1
4 51 4 1 1 155 0 0 200 1
4 75 3 1 1 155 0 0 200 1
4 26 1 1 1 155 0 0 200 1
4 47 8 1 1 155 0 0 200 1
4 33 3 1 1 155 0 0 200 1
4 26 3 1 1 155 0 0 200 1
4 41 4 1 1 155 0 0 200 1
4 16 7 1 1 155 0 0 200 1
4 51 4 1 1 155 0 0 200 1
4 22 4 1 1 155 0 0 200 1
4 29 6 1 1 155 0 0 200 1
4 0 0 1 1 155 0 0 200 1
4 46 8 1 1 155 0 0 200 1
4 83 2 1 1 155 0 0 200 1
4 71 5 1 1 155 0 0 200 1
4 20 5 1 1 155 0 0 200 1
4 65 3 1 1 155 0 0 200 1
4 73 1 1 1 155 0 0 200 1
4 29 2 1 1 155 0 0 200 1
4 21 4 1 1 155 0 0 200 1
4 35 3 1 1 155 0 0 200 1
4 69 2 1 1 155 0 0 200 1
4 9 11 1 1 155 0 0 200 1
4 16 13 1 1 155 0 0 200 1
4 54 3 1 1 155 0 0 200 1
4 31 9 1 1 155 0 0 200 1
4 74 1 1 1 155 0 0 200 1
4 19 9 1 1 155 0 0 200 1
4 9 14 1 1 155 0 0 200 1
4 42 4 1 1 155 0 0 200 1
4 0 0 1 1 155 0 0 200 1
4 80 2 1 1 155 0 0 200 1
4 24 5 1 1 155 0 0 200 1
4 40 5 1 1 155 0 0 200 1
4 19 7 1 1 155 0 0 200 1
4 0 0 1 1 155 0 0 200 1
4 44 3 1 1 155 0 0 200 1
4 36 2 1 1 155 0 0 200 1
4 16 11 1 1 155 0 0 200 1
4 34 3 1 1 155 0 0 200 1
4 0 0 1 1 155 0 0 200 1
4 9 11 1 1 155 0 0 200 1
4 46 1 1 1 155 0 0 200 1
4 0 0 1 1 155 0 0 200 1
4 39 4 1 1 155 0 0 200 1
4 33 1 1 1 155 0 0 200 1
4 10 10 1 1 155 0 0 200 1
4 44 7 1 1 155 0 0 200 1
4 14 13 1 1 155 0 0 200 1
4 90 2 1 1 155 0 0 200 1
4 14 9 1 1 155 0 0 200 1
4 18 11 1 1 155 0 0 200 1
4 58 5 1 1 155 0 0 200 1
4 64 0 1 1 155 0 0 200 1
4 71 2 1 1 155 0 0 200 1
4 91 1 1 1 155 0 0 200 1
4 49 2 1 1 155 0 0 200 1
